Webots Project File version R2025a
perspectives: 000000ff00000000fd0000000300000000000001ca0000039ffc0200000001fb00000012005300630065006e0065005400720065006501000000000000039f00000000000000000000000100000265000002a6fc0200000001fb0000001400540065007800740045006400690074006f00720100000015000002a60000008400ffffff00000003000007800000011ffc0100000002fc00000000000007800000006900fffffffa000000000100000006fb0000001a0043006f006e0073006f006c00650041006c006c0041006c006c0100000000ffffffff0000006900fffffffb0000001a0043006f006e0073006f006c00650041006c006c0041006c006c0100000000ffffffff0000000000000000fb0000001a0043006f006e0073006f006c00650041006c006c0041006c006c0100000000ffffffff0000000000000000fb0000001a0043006f006e0073006f006c00650041006c006c0041006c006c0100000000ffffffff0000000000000000fb0000001a0043006f006e0073006f006c00650041006c006c0041006c006c0100000000ffffffff0000000000000000fb0000001a0043006f006e0073006f006c00650041006c006c0041006c006c0100000000ffffffff0000000000000000fb0000000e0043006f006e0073006f006c006501000001d0000005b0000000000000000000000519000002a600000004000000040000000100000008fc00000000
simulationViewPerspectives: 000000ff00000001000000020000016c000004a00100000002010000000101
sceneTreePerspectives: 000000ff000000010000000300000022000000c0000000fa0100000002010000000201
minimizedPerspectives: 000000ff00000000fd0000000300000000000001ca0000039ffc0200000001fb00000012005300630065006e0065005400720065006501000000000000039f00000000000000000000000100000265000003dffc0200000001fc0000001a000003df000000ad01000021fa000000010100000003fb0000001a0043006f006e0073006f006c00650041006c006c0041006c006c0100000000ffffffff0000006900fffffffb0000001400540065007800740045006400690074006f0072010000051b000002650000007700fffffffb0000001a0043006f006e0073006f006c00650041006c006c0041006c006c0100000000ffffffff0000006900ffffff00000003000007800000011ffc0100000001fb0000000e0043006f006e0073006f006c006501000001d0000005b0000000000000000000000519000003df00000004000000040000000100000008fc00000000
maximizedDockId: -1
centralWidgetVisible: 1
projectionMode: PERSPECTIVE
orthographicViewHeight: 3.45227
textFiles: 0 "../Round 1 World/controllers/my_gps/my_gps.cpp"
globalOptionalRendering: DistanceSensorRays
consoles: Console:All:All
renderingDevicePerspectives: e-puck:camera;1;1;0.00745476;0.0109204
